25
0.0015898449
0.0029933798
0.0025834979
0.0025710772
0.0023226640
0.0024096086
0.0003229372
0.0027698079
0.0026580219
0.0004098819
0.0028070698
0.0008694464
0.0016643688
0.0019748854
0.0010805977
0.0010060737
0.0013290109
0.0018134168
0.0023226640
0.0003477786
0.0028940145
0.0010060737
0.0009812324
0.0011551217
0.0021363540
0.0002484133
0.0021487747
0.0019127821
0.0000000000
0.0030927451
0.0028815938
0.0013290109
0.0026704425
0.0030430624
0.0019997267
0.0024220293
0.0023226640
0.0017140515
0.0022978227
0.0012172250
0.0029685385
0.0000869446
0.0003974612
0.0025213946
0.0003850406
0.0003105166
0.0027449665
0.0024592913
0.0021984574
0.0018009961
0.0013786936
0.0010309150
0.0013911143
0.0028691732
0.0029188558
0.0001738893
0.0006831365
0.0011675423
0.0022108780
0.0003850406
0.0001366273
0.0023599260
0.0008446051
0.0023102433
0.0005465092
0.0010805977
0.0003850406
0.0018258375
0.0029685385
0.0005465092
0.0009067084
0.0027698079
0.0022232987
0.0008197638
0.0010681770
0.0022357193
0.0007328191
0.0018506788
0.0007452398
0.0030058004
0.0022854020
0.0021611954
0.0018755201
0.0026331806
0.0015525829
0.0008446051
0.0024220293
0.0004471439
0.0010433357
0.0017513135
0.0018630995
0.0005465092
0.0010433357
0.0006831365
0.0000496827
0.0003726199
0.0003974612
0.0006210332
0.0021736160
0.0008446051
0.0008942877
0.0004223025
0.0015525829
0.0017388928
0.0014904796
0.0026580219
0.0025462359
0.0027449665
0.0020742507
0.0028194905
0.0017264722
0.0001366273
0.0025338153
0.0029064351
0.0009067084
0.0011923836
0.0016519482
0.0003229372
0.0023847673
0.0024592913
0.0017885755
0.0008694464
0.0005837712
0.0030803244
0.0017016308
0.0005092472
0.0013911143
0.0028070698
0.0017637341
0.0028443318
0.0019997267
0.0025710772
0.0028815938
0.0000993653
0.0000745240
0.0002484133
0.0011923836
0.0007700811
0.0024096086
0.0008073431
0.0028940145
0.0008570257
0.0024220293
0.0002856752
0.0002359926
0.0027573872
0.0017264722
0.0024344500
0.0017388928
0.0028319112
0.0010805977
0.0020866714
0.0006582951
0.0029436971
0.0007576604
0.0002856752
0.0013786936
0.0028070698
0.0009688117
0.0020245681
0.0017761548
0.0009191291
0.0023350846
0.0000621033
0.0025089739
0.0028815938
0.0022481400
0.0025338153
0.0020618301
0.0011302803
0.0025338153
0.0015029002
0.0015277416
0.0008694464
0.0014407969
0.0022605607
0.0028443318
0.0019624648
0.0022232987
0.0008197638
0.0005589298
0.0005589298
0.0005961918
0.0030554831
0.0012172250
0.0024717119
0.0005340885
0.0024344500
0.0003229372
0.0031300071
0.0007203985
0.0029809591
0.0017140515
0.0025462359
0.0006458745
0.0024468706
0.0011427010
0.0018134168
0.0022854020
0.0010309150
0.0015774242
0.0011054390
0.0019003614
0.0025586566
0.0028940145
0.0001614686
0.0025213946
0.0004471439
0.0016643688
0.0016271069
0.0022108780
0.0030430624
0.0026456012
0.0030430624
0.0006955571
0.0005092472
0.0022605607
0.0022978227
0.0031051658
0.0031424277
0.0012420663
0.0025834979
0.0020618301
0.0010060737
0.0013414316
0.0020121474
0.0013414316
0.0013786936
0.0009688117
0.0016395275
0.0016767895
0.0031672691
0.0025338153
0.0003850406
0.0000993653
0.0017513135
0.0023350846
0.0005961918
0.0030182211
0.0001614686
0.0002856752
0.0029685385
0.0020618301
0.0000621033
0.0020369887
0.0007452398
0.0025089739
0.0019252028
0.0030803244
0.0013911143
0.0028815938
0.0023475053
0.0027201252
0.0028815938
0.0014904796
0.0002732546
0.0014780589
0.0007700811
0.0006582951
0.0030306418
0.0002608339
0.0005713505
0.0030679038
0.0005961918
0.0012048043
0.0000745240
0.0003477786
0.0012420663
0.0003353579
0.0020245681
0.0008073431
0.0020245681
0.0026828632
0.0025089739
0.0004223025
0.0007700811
0.0011923836
0.0008570257
0.0019997267
0.0016271069
0.0001863099
0.0028567525
0.0027449665
0.0027201252
0.0003726199
0.0021115127
0.0013290109
0.0011302803
0.0027449665
0.0009067084
0.0014159556
0.0031300071
0.0026580219
0.0022605607
0.0006210332
0.0003477786
0.0020369887
0.0002856752
0.0018630995
0.0006955571
0.0006831365
0.0012669076
0.0009688117
0.0012669076
0.0008694464
0.0001863099
0.0005589298
0.0021363540
0.0001117860
0.0024841326
0.0020618301
0.0028070698
0.0018258375
0.0020990920
0.0015029002
0.0014283762
0.0021487747
0.0029188558
0.0027077045
0.0026456012
0.0029188558
0.0025959186
0.0001987306
0.0002856752
0.0020121474
0.0023475053
0.0026331806
0.0029685385
0.0016271069
0.0030430624
0.0016519482
0.0009563911
0.0009812324
0.0007576604
0.0028815938
0.0030927451
0.0027698079
0.0000000000
0.0021239334
0.0012420663
0.0031300071
0.0013165903
0.0012544870
0.0010309150
0.0026331806
0.0015029002
0.0028319112
0.0008446051
0.0029312765
0.0019500441
0.0020618301
0.0027822285
0.0018879408
0.0013414316
0.0020990920
0.0005216678
0.0013041696
0.0029809591
0.0023847673
0.0025710772
0.0027698079
0.0000124207
0.0027698079
0.0009563911
0.0022605607
0.0030058004
0.0009315497
0.0015650035
0.0009067084
0.0003850406
0.0014159556
0.0015277416
0.0017016308
0.0027449665
0.0004595645
0.0027946492
0.0029561178
0.0001242066
0.0030554831
0.0001863099
0.0001738893
0.0002359926
0.0004968265
0.0026828632
0.0025213946
0.0004223025
0.0003974612
0.0025338153
0.0014035349
0.0002856752
0.0009688117
0.0012793283
0.0000496827
0.0023971880
0.0006582951
0.0028319112
0.0014780589
0.0010557564
0.0003477786
0.0002856752
0.0028815938
0.0024841326
0.0016767895
0.0000993653
0.0004968265
0.0027573872
0.0006831365
0.0027077045
0.0027449665
0.0001987306
0.0012917490
0.0022605607
0.0020990920
0.0020990920
0.0005713505
0.0031300071
0.0021239334
0.0010681770
0.0021736160
0.0028940145
0.0024468706
0.0000000000
0.0025338153
0.0030679038
0.0029188558
0.0006955571
0.0031175864
0.0028443318
0.0029933798
0.0001117860
0.0004471439
0.0002608339
0.0019500441
0.0002856752
0.0020494094
0.0027077045
0.0005961918
0.0028567525
0.0012048043
0.0004347232
0.0005713505
0.0005465092
0.0018382581
0.0017016308
0.0024220293
0.0021984574
0.0020742507
0.0020494094
0.0014159556
0.0019873061
0.0013662729
0.0018009961
0.0002484133
0.0029685385
0.0019252028
0.0021736160
0.0027573872
0.0000372620
0.0024717119
0.0028070698
0.0007949224
0.0026828632
0.0007576604
0.0029312765
0.0011302803
0.0009936530
0.0025586566
0.0026580219
0.0010805977
0.0025338153
0.0020618301
0.0026952839
0.0029188558
0.0016767895
0.0024344500
0.0017388928
0.0004471439
0.0005340885
0.0029561178
0.0015153209
0.0014407969
0.0015029002
0.0000000000
0.0001366273
0.0017761548
0.0014532176
0.0031051658
0.0021487747
0.0004844059
0.0013538523
0.0002856752
0.0019376234
0.0025586566
0.0006086125
0.0009191291
0.0023971880
0.0008818671
0.0000372620
0.0001242066
0.0014656382
0.0003353579
0.0026952839
0.0008321844
0.0031424277
0.0022605607
0.0012793283
0.0025834979
0.0019003614
0.0006334538
0.0015401622
0.0015898449
0.0008073431
0.0012669076
0.0006831365
0.0017264722
0.0023971880
0.0024841326
0.0005589298
0.0014656382
0.0006955571
0.0018134168
0.0016271069
0.0000621033
0.0017016308
0.0026456012
0.0027077045
0.0011054390
0.0024965533
0.0014035349
0.0016146862
0.0016767895
0.0022232987
0.0012669076
0.0012420663
0.0003850406
0.0018134168
0.0012296456
0.0017761548
0.0005837712
0.0020369887
0.0002359926
0.0026331806
0.0004471439
0.0009936530
0.0004844059
0.0007700811
0.0029312765
0.0007452398
0.0005340885
0.0009191291
0.0007576604
0.0017016308
0.0001738893
0.0005589298
0.0012917490
0.0020369887
0.0030058004
0.0004347232
0.0002484133
0.0001614686
0.0008942877
0.0017388928
0.0013538523
0.0017761548
0.0022978227
0.0020245681
0.0015153209
0.0008073431
0.0000124207
0.0019748854
0.0020369887
0.0026331806
0.0017761548
0.0010805977
0.0003726199
0.0017637341
0.0029436971
0.0017637341
0.0010433357
0.0027201252
0.0029561178
0.0010184944
0.0026704425
0.0019624648
0.0000248413
0.0008818671
0.0008818671
0.0022854020
0.0008818671
0.0005092472
0.0001863099
0.0004471439
0.0018506788
0.0023226640
0.0006458745
0.0019127821
0.0022605607
0.0030182211
0.0002359926
0.0001738893
0.0023102433
0.0010433357
0.0005713505
0.0030679038
0.0009812324
0.0027573872
0.0008197638
0.0011302803
0.0027698079
0.0011054390
0.0020494094
0.0006955571
0.0018134168
0.0010433357
0.0000248413
0.0016519482
0.0023723466
0.0005092472
0.0010309150
0.0020121474
0.0019997267
0.0021239334
0.0002608339
0.0020121474
0.0005216678
